image: ./rmul.pgm
resolution: 0.050000
origin: [-3.500000, -3.700000, 0]
negate: 0
occupied_thresh: 0.65
free_thresh: 0.196

